Original list
SEMI=[(12.50,21.57), (18.04,43.83)]: 826.55
CIRC=[(80.36,72.93) 24.85]:1940.00
SEMI=[(56.76,69.26), (40.06,53.66)]: 820.35
CIRC=[(9.59,39.62) 36.38]:4157.91
POLY=[(7.53,62.71), (97.09,60.92), (54.42,48.11), (39.47,16.95), (53.07,0.21), (94.26,2.25), (7.53,62.71), ]: 74.03
POLY=[(58.93,67.52), (12.21,43.14), (49.09,51.24), (86.27,17.40), (59.81,8.02), (38.05,14.71), (54.54,49.94), (4.91,37.46), (85.54,17.45), (20.48,83.85), (58.93,67.52), ]: 40.46
CIRC=[(10.58,9.53) 6.84]:146.98
SEMI=[(45.16,86.19), (77.01,38.25)]: 5203.52
POLY=[(58.07,22.33), (37.86,8.83), (42.12,96.69), (63.25,89.46), (12.79,41.27), (58.07,22.33), ]: 18.15
SEMI=[(66.87,17.02), (63.67,43.64)]: 1129.19
CIRC=[(15.98,83.80) 29.27]:2691.51
SEMI=[(17.21,15.44), (21.60,62.25)]: 3472.16
CIRC=[(55.26,85.38) 8.62]:233.43
SEMI=[(62.91,73.06), (12.26,33.44)]: 6495.50
CIRC=[(21.95,78.44) 22.29]:1560.88
SEMI=[(50.46,11.44), (15.44,12.68)]: 1928.84
POLY=[(64.29,89.82), (48.84,23.83), (26.31,39.39), (54.11,9.20), (64.29,89.82), ]: 410.71
POLY=[(62.00,96.84), (6.80,82.24), (89.09,62.04), (67.78,95.69), (83.53,95.22), (62.00,96.84), ]: 1250.93
CIRC=[(73.71,6.65) 28.11]:2482.40
CIRC=[(18.53,42.56) 26.16]:2149.94
SEMI=[(54.84,83.29), (51.60,71.00)]: 253.75
POLY=[(7.64,15.42), (51.63,25.28), (7.64,15.42), ]:  0.00
POLY=[(92.44,9.70), (37.63,41.49), (61.75,53.65), (20.30,0.91), (86.68,50.62), (92.44,9.70), ]: 497.77
POLY=[(17.76,25.47), (41.20,60.97), (70.44,56.72), (18.53,87.99), (96.70,71.89), (59.93,73.12), (6.53,2.14), (17.76,25.47), ]: 706.25
SEMI=[(45.41,58.89), (76.78,44.22)]: 1883.83
CIRC=[(79.84,89.53) 7.7]:186.27
SEMI=[(39.10,83.87), (39.96,86.50)]: 12.03
SEMI=[(56.29,40.56), (80.57,36.01)]: 958.53
CIRC=[(64.43,98.78) 21.37]:1434.69
SEMI=[(32.75,79.54), (91.62,78.27)]: 5446.41
SEMI=[(33.25,40.54), (83.92,31.91)]: 4149.93
POLY=[(94.92,71.98), (55.06,74.93), (18.08,99.93), (18.61,77.86), (91.88,77.87), (94.92,71.98), ]: 181.02
POLY=[(25.84,39.76), (49.44,49.10), (54.03,9.50), (7.64,20.95), (97.14,32.08), (27.84,3.36), (4.79,19.45), (5.88,18.83), (4.69,86.32), (25.84,39.76), ]: 2650.55
CIRC=[(59.87,77.88) 10.45]:343.07
POLY=[(71.47,55.48), (51.20,15.87), (71.47,55.48), ]:  0.00
SEMI=[(35.42,65.78), (51.01,26.63)]: 2789.37
POLY=[(43.98,95.93), (94.23,45.80), (79.99,25.59), (83.01,33.65), (50.59,87.35), (55.31,5.25), (40.47,34.00), (78.42,54.32), (12.12,83.89), (51.62,47.56), (43.98,95.93), ]: 250.23
POLY=[(56.69,78.10), (54.18,4.74), (96.07,94.74), (56.69,78.10), ]: 1423.58
CIRC=[(61.31,84.60) 25.43]:2031.62
SEMI=[(84.18,33.37), (44.26,17.18)]: 2914.96
SEMI=[(34.58,83.06), (80.64,82.59)]: 3332.83
SEMI=[(38.01,36.19), (79.52,77.99)]: 5451.17
POLY=[(30.36,21.01), (15.65,16.10), (44.81,41.23), (30.36,21.01), ]: 113.24
POLY=[(35.98,96.68), (49.45,70.56), (80.47,26.98), (76.83,17.57), (61.94,31.92), (95.98,90.06), (8.90,43.82), (35.98,96.68), ]: 339.01
POLY=[(43.09,18.97), (70.25,76.13), (43.09,18.97), ]:  0.00
CIRC=[(50.30,82.53) 34.16]:3665.94
CIRC=[(12.96,97.64) 35.13]:3877.09
POLY=[(91.46,7.21), (48.62,45.41), (37.95,78.25), (55.00,93.00), (16.95,70.85), (91.46,7.21), ]: 536.06
SEMI=[(65.74,56.14), (85.02,8.61)]: 4132.48
CIRC=[(80.13,23.56) 16.45]:850.12

Sorted list
POLY=[(7.64,15.42), (51.63,25.28), (7.64,15.42), ]:  0.00
POLY=[(43.09,18.97), (70.25,76.13), (43.09,18.97), ]:  0.00
POLY=[(71.47,55.48), (51.20,15.87), (71.47,55.48), ]:  0.00
SEMI=[(39.10,83.87), (39.96,86.50)]: 12.03
POLY=[(58.07,22.33), (37.86,8.83), (42.12,96.69), (63.25,89.46), (12.79,41.27), (58.07,22.33), ]: 18.15
POLY=[(58.93,67.52), (12.21,43.14), (49.09,51.24), (86.27,17.40), (59.81,8.02), (38.05,14.71), (54.54,49.94), (4.91,37.46), (85.54,17.45), (20.48,83.85), (58.93,67.52), ]: 40.46
POLY=[(7.53,62.71), (97.09,60.92), (54.42,48.11), (39.47,16.95), (53.07,0.21), (94.26,2.25), (7.53,62.71), ]: 74.03
POLY=[(30.36,21.01), (15.65,16.10), (44.81,41.23), (30.36,21.01), ]: 113.24
CIRC=[(10.58,9.53) 6.84]:146.98
POLY=[(94.92,71.98), (55.06,74.93), (18.08,99.93), (18.61,77.86), (91.88,77.87), (94.92,71.98), ]: 181.02
CIRC=[(79.84,89.53) 7.7]:186.27
CIRC=[(55.26,85.38) 8.62]:233.43
POLY=[(43.98,95.93), (94.23,45.80), (79.99,25.59), (83.01,33.65), (50.59,87.35), (55.31,5.25), (40.47,34.00), (78.42,54.32), (12.12,83.89), (51.62,47.56), (43.98,95.93), ]: 250.23
SEMI=[(54.84,83.29), (51.60,71.00)]: 253.75
POLY=[(35.98,96.68), (49.45,70.56), (80.47,26.98), (76.83,17.57), (61.94,31.92), (95.98,90.06), (8.90,43.82), (35.98,96.68), ]: 339.01
CIRC=[(59.87,77.88) 10.45]:343.07
POLY=[(64.29,89.82), (48.84,23.83), (26.31,39.39), (54.11,9.20), (64.29,89.82), ]: 410.71
POLY=[(92.44,9.70), (37.63,41.49), (61.75,53.65), (20.30,0.91), (86.68,50.62), (92.44,9.70), ]: 497.77
POLY=[(91.46,7.21), (48.62,45.41), (37.95,78.25), (55.00,93.00), (16.95,70.85), (91.46,7.21), ]: 536.06
POLY=[(17.76,25.47), (41.20,60.97), (70.44,56.72), (18.53,87.99), (96.70,71.89), (59.93,73.12), (6.53,2.14), (17.76,25.47), ]: 706.25
SEMI=[(56.76,69.26), (40.06,53.66)]: 820.35
SEMI=[(12.50,21.57), (18.04,43.83)]: 826.55
CIRC=[(80.13,23.56) 16.45]:850.12
SEMI=[(56.29,40.56), (80.57,36.01)]: 958.53
SEMI=[(66.87,17.02), (63.67,43.64)]: 1129.19
POLY=[(62.00,96.84), (6.80,82.24), (89.09,62.04), (67.78,95.69), (83.53,95.22), (62.00,96.84), ]: 1250.93
POLY=[(56.69,78.10), (54.18,4.74), (96.07,94.74), (56.69,78.10), ]: 1423.58
CIRC=[(64.43,98.78) 21.37]:1434.69
CIRC=[(21.95,78.44) 22.29]:1560.88
SEMI=[(45.41,58.89), (76.78,44.22)]: 1883.83
SEMI=[(50.46,11.44), (15.44,12.68)]: 1928.84
CIRC=[(80.36,72.93) 24.85]:1940.00
CIRC=[(61.31,84.60) 25.43]:2031.62
CIRC=[(18.53,42.56) 26.16]:2149.94
CIRC=[(73.71,6.65) 28.11]:2482.40
POLY=[(25.84,39.76), (49.44,49.10), (54.03,9.50), (7.64,20.95), (97.14,32.08), (27.84,3.36), (4.79,19.45), (5.88,18.83), (4.69,86.32), (25.84,39.76), ]: 2650.55
CIRC=[(15.98,83.80) 29.27]:2691.51
SEMI=[(35.42,65.78), (51.01,26.63)]: 2789.37
SEMI=[(84.18,33.37), (44.26,17.18)]: 2914.96
SEMI=[(34.58,83.06), (80.64,82.59)]: 3332.83
SEMI=[(17.21,15.44), (21.60,62.25)]: 3472.16
CIRC=[(50.30,82.53) 34.16]:3665.94
CIRC=[(12.96,97.64) 35.13]:3877.09
SEMI=[(65.74,56.14), (85.02,8.61)]: 4132.48
SEMI=[(33.25,40.54), (83.92,31.91)]: 4149.93
CIRC=[(9.59,39.62) 36.38]:4157.91
SEMI=[(45.16,86.19), (77.01,38.25)]: 5203.52
SEMI=[(32.75,79.54), (91.62,78.27)]: 5446.41
SEMI=[(38.01,36.19), (79.52,77.99)]: 5451.17
SEMI=[(62.91,73.06), (12.26,33.44)]: 6495.50
